T1 = [ 8 17 8 2 15 15 15;
       15 11 1 10 0 5 13;
       0 12 11 5  0 3 15;
       15 15 0 4 7 12 18;
       0 7 10 13 10 8 10;
       10 12 25 7 25 0 7];
   
T2 = [ 1 2 1 1 1 2;
       2 2 1 2 2 1;
       1 0 3 2 2 0;];
   
T3 = [750 620 815];

T4 = [55 47 60 45 35 50];

T4B = [3 4 2];

T5 = [ 2 2 1 1 2 3 3];

T6 = [ 8 5 4 3;
       1 7 4 6;
       8 6 4 4;
       2 8 2 4;
       7 4 5 5;
       2 5 3 3;
       5 4 2 2;
       2 6 7 4];